    al	    xc	    yc	    do	     h	    xl	    yl	    lo	counter
 15.14	 34.67	912.03	159.00	  5.00	270.50	907.00	 40.00	  1.00
 15.14	 34.67	912.03	159.00	  6.00	307.85	881.00	 37.00	  2.00
 15.14	 34.67	912.03	159.00	 25.00	1095.11	897.32	 39.00	  3.00
 15.14	 34.67	912.03	159.00	 31.00	1453.56	893.14	 38.00	  4.00


  7.17	 49.06	681.12	110.00	 28.00	1341.00	690.50	 30.00	  1.00

 10.27	 56.42	912.83	160.00	  5.00	270.50	907.00	 40.00	  1.00
 10.27	 56.42	912.83	160.00	  6.00	307.85	881.00	 37.00	  2.00
 10.27	 56.42	912.83	160.00	 25.00	1095.11	897.32	 39.00	  3.00
 10.27	 56.42	912.83	160.00	 31.00	1453.56	893.14	 38.00	  4.00

  8.34	 57.50	497.50	 79.00	  7.00	419.00	506.00	 19.00	  1.00



 60.76	 62.60	306.64	 43.00	  1.00	 66.72	306.17	  6.00	  1.00
 60.76	 62.60	306.64	 43.00	 10.00	599.50	308.44	  7.00	  2.00
 60.76	 62.60	306.64	 43.00	 40.00	1767.43	329.62	  8.00	  3.00


 16.30	 99.85	559.03	 88.00	  3.00	166.30	581.05	 20.00	  1.00
 16.30	 99.85	559.03	 88.00	 32.00	1457.00	587.20	 23.00	  2.00
 16.30	 99.85	559.03	 88.00	 33.00	1473.65	589.92	 24.00	  3.00
 16.30	 99.85	559.03	 88.00	 34.00	1481.00	589.80	 25.00	  4.00
 16.30	 99.85	559.03	 88.00	 35.00	1516.00	591.00	 26.00	  5.00
 16.30	 99.85	559.03	 88.00	 36.00	1538.68	591.61	 27.00	  6.00
 16.30	 99.85	559.03	 88.00	 38.00	1702.54	584.54	 21.00	  7.00

 13.99	110.89	578.55	 92.00	  2.00	141.43	589.46	 22.00	  1.00
 13.99	110.89	578.55	 92.00	  3.00	166.30	581.05	 20.00	  2.00
 13.99	110.89	578.55	 92.00	 32.00	1457.00	587.20	 23.00	  3.00
 13.99	110.89	578.55	 92.00	 33.00	1473.65	589.92	 24.00	  4.00
 13.99	110.89	578.55	 92.00	 34.00	1481.00	589.80	 25.00	  5.00
 13.99	110.89	578.55	 92.00	 35.00	1516.00	591.00	 26.00	  6.00
 13.99	110.89	578.55	 92.00	 36.00	1538.68	591.61	 27.00	  7.00
 13.99	110.89	578.55	 92.00	 37.00	1633.71	608.50	 28.00	  8.00
 13.99	110.89	578.55	 92.00	 38.00	1702.54	584.54	 21.00	  9.00

  2.09	122.50	559.50	 90.00	  3.00	166.30	581.05	 20.00	  1.00
  2.09	122.50	559.50	 90.00	 32.00	1457.00	587.20	 23.00	  2.00
  2.09	122.50	559.50	 90.00	 33.00	1473.65	589.92	 24.00	  3.00
  2.09	122.50	559.50	 90.00	 34.00	1481.00	589.80	 25.00	  4.00
  2.09	122.50	559.50	 90.00	 35.00	1516.00	591.00	 26.00	  5.00
  2.09	122.50	559.50	 90.00	 36.00	1538.68	591.61	 27.00	  6.00
  2.09	122.50	559.50	 90.00	 38.00	1702.54	584.54	 21.00	  7.00


  4.29	133.29	526.50	 85.00	  7.00	419.00	506.00	 19.00	  1.00

  7.48	137.42	560.42	 91.00	  3.00	166.30	581.05	 20.00	  1.00
  7.48	137.42	560.42	 91.00	 32.00	1457.00	587.20	 23.00	  2.00
  7.48	137.42	560.42	 91.00	 33.00	1473.65	589.92	 24.00	  3.00
  7.48	137.42	560.42	 91.00	 34.00	1481.00	589.80	 25.00	  4.00
  7.48	137.42	560.42	 91.00	 35.00	1516.00	591.00	 26.00	  5.00
  7.48	137.42	560.42	 91.00	 36.00	1538.68	591.61	 27.00	  6.00
  7.48	137.42	560.42	 91.00	 38.00	1702.54	584.54	 21.00	  7.00

  5.62	145.50	580.17	 94.00	  2.00	141.43	589.46	 22.00	  1.00
  5.62	145.50	580.17	 94.00	  3.00	166.30	581.05	 20.00	  2.00
  5.62	145.50	580.17	 94.00	 32.00	1457.00	587.20	 23.00	  3.00
  5.62	145.50	580.17	 94.00	 33.00	1473.65	589.92	 24.00	  4.00
  5.62	145.50	580.17	 94.00	 34.00	1481.00	589.80	 25.00	  5.00
  5.62	145.50	580.17	 94.00	 35.00	1516.00	591.00	 26.00	  6.00
  5.62	145.50	580.17	 94.00	 36.00	1538.68	591.61	 27.00	  7.00
  5.62	145.50	580.17	 94.00	 37.00	1633.71	608.50	 28.00	  8.00
  5.62	145.50	580.17	 94.00	 38.00	1702.54	584.54	 21.00	  9.00

101.35	150.12	587.09	 93.00	  2.00	141.43	589.46	 22.00	  1.00
101.35	150.12	587.09	 93.00	  3.00	166.30	581.05	 20.00	  2.00
101.35	150.12	587.09	 93.00	 32.00	1457.00	587.20	 23.00	  3.00
101.35	150.12	587.09	 93.00	 33.00	1473.65	589.92	 24.00	  4.00
101.35	150.12	587.09	 93.00	 34.00	1481.00	589.80	 25.00	  5.00
101.35	150.12	587.09	 93.00	 35.00	1516.00	591.00	 26.00	  6.00
101.35	150.12	587.09	 93.00	 36.00	1538.68	591.61	 27.00	  7.00
101.35	150.12	587.09	 93.00	 37.00	1633.71	608.50	 28.00	  8.00
101.35	150.12	587.09	 93.00	 38.00	1702.54	584.54	 21.00	  9.00

  7.98	153.63	580.69	 95.00	  2.00	141.43	589.46	 22.00	  1.00
  7.98	153.63	580.69	 95.00	  3.00	166.30	581.05	 20.00	  2.00
  7.98	153.63	580.69	 95.00	 32.00	1457.00	587.20	 23.00	  3.00
  7.98	153.63	580.69	 95.00	 33.00	1473.65	589.92	 24.00	  4.00
  7.98	153.63	580.69	 95.00	 34.00	1481.00	589.80	 25.00	  5.00
  7.98	153.63	580.69	 95.00	 35.00	1516.00	591.00	 26.00	  6.00
  7.98	153.63	580.69	 95.00	 36.00	1538.68	591.61	 27.00	  7.00
  7.98	153.63	580.69	 95.00	 37.00	1633.71	608.50	 28.00	  8.00
  7.98	153.63	580.69	 95.00	 38.00	1702.54	584.54	 21.00	  9.00

 12.73	163.64	608.84	 99.00	  2.00	141.43	589.46	 22.00	  1.00
 12.73	163.64	608.84	 99.00	  3.00	166.30	581.05	 20.00	  2.00
 12.73	163.64	608.84	 99.00	 20.00	770.50	633.50	 29.00	  3.00
 12.73	163.64	608.84	 99.00	 36.00	1538.68	591.61	 27.00	  4.00
 12.73	163.64	608.84	 99.00	 37.00	1633.71	608.50	 28.00	  5.00

 10.66	180.62	387.33	 60.00	 18.00	727.81	389.75	 11.00	  1.00
 10.66	180.62	387.33	 60.00	 19.00	734.26	388.56	 10.00	  2.00
 10.66	180.62	387.33	 60.00	 21.00	781.89	390.28	 12.00	  3.00

 95.74	195.82	905.21	153.00	  5.00	270.50	907.00	 40.00	  1.00
 95.74	195.82	905.21	153.00	  6.00	307.85	881.00	 37.00	  2.00
 95.74	195.82	905.21	153.00	 25.00	1095.11	897.32	 39.00	  3.00
 95.74	195.82	905.21	153.00	 31.00	1453.56	893.14	 38.00	  4.00


  6.91	224.50	637.50	102.00	 20.00	770.50	633.50	 29.00	  1.00


  0.10	240.00	906.00	156.00	  5.00	270.50	907.00	 40.00	  1.00
  0.10	240.00	906.00	156.00	  6.00	307.85	881.00	 37.00	  2.00
  0.10	240.00	906.00	156.00	 25.00	1095.11	897.32	 39.00	  3.00
  0.10	240.00	906.00	156.00	 31.00	1453.56	893.14	 38.00	  4.00


  7.13	247.38	906.19	155.00	  5.00	270.50	907.00	 40.00	  1.00
  7.13	247.38	906.19	155.00	  6.00	307.85	881.00	 37.00	  2.00
  7.13	247.38	906.19	155.00	 25.00	1095.11	897.32	 39.00	  3.00
  7.13	247.38	906.19	155.00	 31.00	1453.56	893.14	 38.00	  4.00

  3.19	253.60	790.80	131.00	 22.00	994.62	794.68	 32.00	  1.00
  3.19	253.60	790.80	131.00	 23.00	999.66	784.92	 31.00	  2.00
  3.19	253.60	790.80	131.00	 24.00	1012.53	794.93	 33.00	  3.00
  3.19	253.60	790.80	131.00	 26.00	1095.53	834.30	 35.00	  4.00
  3.19	253.60	790.80	131.00	 30.00	1449.50	821.50	 34.00	  5.00


 38.23	278.35	907.44	154.00	  5.00	270.50	907.00	 40.00	  1.00
 38.23	278.35	907.44	154.00	  6.00	307.85	881.00	 37.00	  2.00
 38.23	278.35	907.44	154.00	 25.00	1095.11	897.32	 39.00	  3.00
 38.23	278.35	907.44	154.00	 31.00	1453.56	893.14	 38.00	  4.00

 30.66	283.55	426.67	 67.00	  9.00	585.49	430.19	 13.00	  1.00
 30.66	283.55	426.67	 67.00	 11.00	607.94	430.42	 14.00	  2.00
 30.66	283.55	426.67	 67.00	 12.00	616.90	430.55	 15.00	  3.00
 30.66	283.55	426.67	 67.00	 14.00	656.56	432.75	 16.00	  4.00
 30.66	283.55	426.67	 67.00	 16.00	707.44	434.88	 17.00	  5.00
 30.66	283.55	426.67	 67.00	 17.00	718.21	433.93	 18.00	  6.00

 25.14	308.25	385.67	 57.00	 18.00	727.81	389.75	 11.00	  1.00
 25.14	308.25	385.67	 57.00	 19.00	734.26	388.56	 10.00	  2.00
 25.14	308.25	385.67	 57.00	 21.00	781.89	390.28	 12.00	  3.00

 16.70	311.56	303.38	 41.00	  1.00	 66.72	306.17	  6.00	  1.00
 16.70	311.56	303.38	 41.00	 10.00	599.50	308.44	  7.00	  2.00
 16.70	311.56	303.38	 41.00	 40.00	1767.43	329.62	  8.00	  3.00

 22.54	313.69	881.39	145.00	  5.00	270.50	907.00	 40.00	  1.00
 22.54	313.69	881.39	145.00	  6.00	307.85	881.00	 37.00	  2.00
 22.54	313.69	881.39	145.00	 13.00	630.69	845.69	 36.00	  3.00
 22.54	313.69	881.39	145.00	 25.00	1095.11	897.32	 39.00	  4.00
 22.54	313.69	881.39	145.00	 31.00	1453.56	893.14	 38.00	  5.00

  2.09	317.50	413.00	 63.00	  9.00	585.49	430.19	 13.00	  1.00
  2.09	317.50	413.00	 63.00	 11.00	607.94	430.42	 14.00	  2.00
  2.09	317.50	413.00	 63.00	 12.00	616.90	430.55	 15.00	  3.00
  2.09	317.50	413.00	 63.00	 14.00	656.56	432.75	 16.00	  4.00
  2.09	317.50	413.00	 63.00	 16.00	707.44	434.88	 17.00	  5.00
  2.09	317.50	413.00	 63.00	 17.00	718.21	433.93	 18.00	  6.00

  3.19	330.80	413.60	 64.00	  9.00	585.49	430.19	 13.00	  1.00
  3.19	330.80	413.60	 64.00	 11.00	607.94	430.42	 14.00	  2.00
  3.19	330.80	413.60	 64.00	 12.00	616.90	430.55	 15.00	  3.00
  3.19	330.80	413.60	 64.00	 14.00	656.56	432.75	 16.00	  4.00
  3.19	330.80	413.60	 64.00	 16.00	707.44	434.88	 17.00	  5.00
  3.19	330.80	413.60	 64.00	 17.00	718.21	433.93	 18.00	  6.00

  3.35	341.00	414.00	 65.00	  9.00	585.49	430.19	 13.00	  1.00
  3.35	341.00	414.00	 65.00	 11.00	607.94	430.42	 14.00	  2.00
  3.35	341.00	414.00	 65.00	 12.00	616.90	430.55	 15.00	  3.00
  3.35	341.00	414.00	 65.00	 14.00	656.56	432.75	 16.00	  4.00
  3.35	341.00	414.00	 65.00	 16.00	707.44	434.88	 17.00	  5.00
  3.35	341.00	414.00	 65.00	 17.00	718.21	433.93	 18.00	  6.00

 14.02	368.00	650.50	103.00	 20.00	770.50	633.50	 29.00	  1.00
 14.02	368.00	650.50	103.00	 28.00	1341.00	690.50	 30.00	  2.00

 10.82	375.75	433.63	 69.00	  9.00	585.49	430.19	 13.00	  1.00
 10.82	375.75	433.63	 69.00	 11.00	607.94	430.42	 14.00	  2.00
 10.82	375.75	433.63	 69.00	 12.00	616.90	430.55	 15.00	  3.00
 10.82	375.75	433.63	 69.00	 14.00	656.56	432.75	 16.00	  4.00
 10.82	375.75	433.63	 69.00	 16.00	707.44	434.88	 17.00	  5.00
 10.82	375.75	433.63	 69.00	 17.00	718.21	433.93	 18.00	  6.00


  5.08	384.14	651.29	104.00	 20.00	770.50	633.50	 29.00	  1.00
  5.08	384.14	651.29	104.00	 28.00	1341.00	690.50	 30.00	  2.00

  3.35	388.00	434.00	 70.00	  9.00	585.49	430.19	 13.00	  1.00
  3.35	388.00	434.00	 70.00	 11.00	607.94	430.42	 14.00	  2.00
  3.35	388.00	434.00	 70.00	 12.00	616.90	430.55	 15.00	  3.00
  3.35	388.00	434.00	 70.00	 14.00	656.56	432.75	 16.00	  4.00
  3.35	388.00	434.00	 70.00	 16.00	707.44	434.88	 17.00	  5.00
  3.35	388.00	434.00	 70.00	 17.00	718.21	433.93	 18.00	  6.00

  3.19	394.20	434.40	 71.00	  9.00	585.49	430.19	 13.00	  1.00
  3.19	394.20	434.40	 71.00	 11.00	607.94	430.42	 14.00	  2.00
  3.19	394.20	434.40	 71.00	 12.00	616.90	430.55	 15.00	  3.00
  3.19	394.20	434.40	 71.00	 14.00	656.56	432.75	 16.00	  4.00
  3.19	394.20	434.40	 71.00	 16.00	707.44	434.88	 17.00	  5.00
  3.19	394.20	434.40	 71.00	 17.00	718.21	433.93	 18.00	  6.00

  8.00	412.45	552.30	 87.00	 32.00	1457.00	587.20	 23.00	  1.00
  8.00	412.45	552.30	 87.00	 38.00	1702.54	584.54	 21.00	  2.00

 29.97	420.05	505.82	 80.00	  7.00	419.00	506.00	 19.00	  1.00




 22.20	474.00	745.07	118.00	 23.00	999.66	784.92	 31.00	  1.00

 23.33	475.37	603.96	 98.00	  2.00	141.43	589.46	 22.00	  1.00
 23.33	475.37	603.96	 98.00	  3.00	166.30	581.05	 20.00	  2.00
 23.33	475.37	603.96	 98.00	 20.00	770.50	633.50	 29.00	  3.00
 23.33	475.37	603.96	 98.00	 32.00	1457.00	587.20	 23.00	  4.00
 23.33	475.37	603.96	 98.00	 33.00	1473.65	589.92	 24.00	  5.00
 23.33	475.37	603.96	 98.00	 34.00	1481.00	589.80	 25.00	  6.00
 23.33	475.37	603.96	 98.00	 35.00	1516.00	591.00	 26.00	  7.00
 23.33	475.37	603.96	 98.00	 36.00	1538.68	591.61	 27.00	  8.00
 23.33	475.37	603.96	 98.00	 37.00	1633.71	608.50	 28.00	  9.00

 47.20	483.71	303.56	 40.00	  1.00	 66.72	306.17	  6.00	  1.00
 47.20	483.71	303.56	 40.00	 10.00	599.50	308.44	  7.00	  2.00
 47.20	483.71	303.56	 40.00	 40.00	1767.43	329.62	  8.00	  3.00

 25.70	501.53	337.22	 51.00	  8.00	491.75	336.75	  9.00	  1.00

 63.27	523.18	880.43	146.00	  5.00	270.50	907.00	 40.00	  1.00
 63.27	523.18	880.43	146.00	  6.00	307.85	881.00	 37.00	  2.00
 63.27	523.18	880.43	146.00	 13.00	630.69	845.69	 36.00	  3.00
 63.27	523.18	880.43	146.00	 25.00	1095.11	897.32	 39.00	  4.00
 63.27	523.18	880.43	146.00	 31.00	1453.56	893.14	 38.00	  5.00

 45.65	529.40	810.54	135.00	 13.00	630.69	845.69	 36.00	  1.00
 45.65	529.40	810.54	135.00	 22.00	994.62	794.68	 32.00	  2.00
 45.65	529.40	810.54	135.00	 23.00	999.66	784.92	 31.00	  3.00
 45.65	529.40	810.54	135.00	 24.00	1012.53	794.93	 33.00	  4.00
 45.65	529.40	810.54	135.00	 26.00	1095.53	834.30	 35.00	  5.00
 45.65	529.40	810.54	135.00	 30.00	1449.50	821.50	 34.00	  6.00

 45.00	544.81	317.53	 48.00	  1.00	 66.72	306.17	  6.00	  1.00
 45.00	544.81	317.53	 48.00	 10.00	599.50	308.44	  7.00	  2.00
 45.00	544.81	317.53	 48.00	 40.00	1767.43	329.62	  8.00	  3.00




  7.05	587.81	670.81	109.00	 28.00	1341.00	690.50	 30.00	  1.00

152.38	588.63	308.16	 44.00	  1.00	 66.72	306.17	  6.00	  1.00
152.38	588.63	308.16	 44.00	 10.00	599.50	308.44	  7.00	  2.00
152.38	588.63	308.16	 44.00	 40.00	1767.43	329.62	  8.00	  3.00

 21.78	611.67	884.84	147.00	  5.00	270.50	907.00	 40.00	  1.00
 21.78	611.67	884.84	147.00	  6.00	307.85	881.00	 37.00	  2.00
 21.78	611.67	884.84	147.00	 13.00	630.69	845.69	 36.00	  3.00
 21.78	611.67	884.84	147.00	 25.00	1095.11	897.32	 39.00	  4.00
 21.78	611.67	884.84	147.00	 31.00	1453.56	893.14	 38.00	  5.00


 49.30	631.29	846.02	141.00	  6.00	307.85	881.00	 37.00	  1.00
 49.30	631.29	846.02	141.00	 13.00	630.69	845.69	 36.00	  2.00
 49.30	631.29	846.02	141.00	 26.00	1095.53	834.30	 35.00	  3.00
 49.30	631.29	846.02	141.00	 30.00	1449.50	821.50	 34.00	  4.00
 49.30	631.29	846.02	141.00	 31.00	1453.56	893.14	 38.00	  5.00

216.26	640.16	431.70	 68.00	  9.00	585.49	430.19	 13.00	  1.00
216.26	640.16	431.70	 68.00	 11.00	607.94	430.42	 14.00	  2.00
216.26	640.16	431.70	 68.00	 12.00	616.90	430.55	 15.00	  3.00
216.26	640.16	431.70	 68.00	 14.00	656.56	432.75	 16.00	  4.00
216.26	640.16	431.70	 68.00	 16.00	707.44	434.88	 17.00	  5.00
216.26	640.16	431.70	 68.00	 17.00	718.21	433.93	 18.00	  6.00

 26.47	652.64	769.29	124.00	 22.00	994.62	794.68	 32.00	  1.00
 26.47	652.64	769.29	124.00	 23.00	999.66	784.92	 31.00	  2.00
 26.47	652.64	769.29	124.00	 24.00	1012.53	794.93	 33.00	  3.00

  7.49	662.11	310.83	 45.00	  1.00	 66.72	306.17	  6.00	  1.00
  7.49	662.11	310.83	 45.00	 10.00	599.50	308.44	  7.00	  2.00
  7.49	662.11	310.83	 45.00	 40.00	1767.43	329.62	  8.00	  3.00

  0.10	663.00	521.00	 84.00	  7.00	419.00	506.00	 19.00	  1.00

 11.11	666.59	126.56	 17.00	 15.00	664.50	127.00	  4.00	  1.00
 11.11	666.59	126.56	 17.00	 29.00	1356.61	137.07	  5.00	  2.00

 12.31	666.73	688.23	111.00	 28.00	1341.00	690.50	 30.00	  1.00

  6.16	672.67	325.88	 49.00	  1.00	 66.72	306.17	  6.00	  1.00
  6.16	672.67	325.88	 49.00	  8.00	491.75	336.75	  9.00	  2.00
  6.16	672.67	325.88	 49.00	 40.00	1767.43	329.62	  8.00	  3.00


 18.66	681.59	311.75	 46.00	  1.00	 66.72	306.17	  6.00	  1.00
 18.66	681.59	311.75	 46.00	 10.00	599.50	308.44	  7.00	  2.00
 18.66	681.59	311.75	 46.00	 40.00	1767.43	329.62	  8.00	  3.00

 13.64	714.03	902.21	152.00	  5.00	270.50	907.00	 40.00	  1.00
 13.64	714.03	902.21	152.00	  6.00	307.85	881.00	 37.00	  2.00
 13.64	714.03	902.21	152.00	 25.00	1095.11	897.32	 39.00	  3.00
 13.64	714.03	902.21	152.00	 31.00	1453.56	893.14	 38.00	  4.00


125.62	760.59	390.16	 59.00	 18.00	727.81	389.75	 11.00	  1.00
125.62	760.59	390.16	 59.00	 19.00	734.26	388.56	 10.00	  2.00
125.62	760.59	390.16	 59.00	 21.00	781.89	390.28	 12.00	  3.00

 34.00	783.49	634.57	101.00	 20.00	770.50	633.50	 29.00	  1.00




 12.16	803.83	416.39	 66.00	  9.00	585.49	430.19	 13.00	  1.00
 12.16	803.83	416.39	 66.00	 11.00	607.94	430.42	 14.00	  2.00
 12.16	803.83	416.39	 66.00	 12.00	616.90	430.55	 15.00	  3.00
 12.16	803.83	416.39	 66.00	 14.00	656.56	432.75	 16.00	  4.00
 12.16	803.83	416.39	 66.00	 16.00	707.44	434.88	 17.00	  5.00
 12.16	803.83	416.39	 66.00	 17.00	718.21	433.93	 18.00	  6.00

  7.77	815.44	899.39	150.00	  5.00	270.50	907.00	 40.00	  1.00
  7.77	815.44	899.39	150.00	  6.00	307.85	881.00	 37.00	  2.00
  7.77	815.44	899.39	150.00	 25.00	1095.11	897.32	 39.00	  3.00
  7.77	815.44	899.39	150.00	 31.00	1453.56	893.14	 38.00	  4.00

 11.26	875.39	316.36	 47.00	  1.00	 66.72	306.17	  6.00	  1.00
 11.26	875.39	316.36	 47.00	 10.00	599.50	308.44	  7.00	  2.00
 11.26	875.39	316.36	 47.00	 40.00	1767.43	329.62	  8.00	  3.00


  8.48	902.71	410.39	 62.00	 18.00	727.81	389.75	 11.00	  1.00
  8.48	902.71	410.39	 62.00	 21.00	781.89	390.28	 12.00	  2.00

  2.92	945.00	752.25	120.00	 23.00	999.66	784.92	 31.00	  1.00




113.22	993.01	790.68	125.00	 22.00	994.62	794.68	 32.00	  1.00
113.22	993.01	790.68	125.00	 23.00	999.66	784.92	 31.00	  2.00
113.22	993.01	790.68	125.00	 24.00	1012.53	794.93	 33.00	  3.00
113.22	993.01	790.68	125.00	 30.00	1449.50	821.50	 34.00	  4.00


 13.82	1000.63	944.27	162.00	  5.00	270.50	907.00	 40.00	  1.00


  7.18	1018.17	859.90	144.00	  6.00	307.85	881.00	 37.00	  1.00
  7.18	1018.17	859.90	144.00	 13.00	630.69	845.69	 36.00	  2.00
  7.18	1018.17	859.90	144.00	 25.00	1095.11	897.32	 39.00	  3.00
  7.18	1018.17	859.90	144.00	 26.00	1095.53	834.30	 35.00	  4.00
  7.18	1018.17	859.90	144.00	 30.00	1449.50	821.50	 34.00	  5.00
  7.18	1018.17	859.90	144.00	 31.00	1453.56	893.14	 38.00	  6.00


 18.14	1057.76	939.97	161.00	  5.00	270.50	907.00	 40.00	  1.00
 18.14	1057.76	939.97	161.00	 25.00	1095.11	897.32	 39.00	  2.00

  9.19	1063.00	505.00	 82.00	  7.00	419.00	506.00	 19.00	  1.00

  8.86	1075.31	505.06	 81.00	  7.00	419.00	506.00	 19.00	  1.00

 79.94	1077.73	833.23	139.00	 13.00	630.69	845.69	 36.00	  1.00
 79.94	1077.73	833.23	139.00	 22.00	994.62	794.68	 32.00	  2.00
 79.94	1077.73	833.23	139.00	 24.00	1012.53	794.93	 33.00	  3.00
 79.94	1077.73	833.23	139.00	 26.00	1095.53	834.30	 35.00	  4.00
 79.94	1077.73	833.23	139.00	 30.00	1449.50	821.50	 34.00	  5.00

 39.56	1102.41	896.93	149.00	  5.00	270.50	907.00	 40.00	  1.00
 39.56	1102.41	896.93	149.00	  6.00	307.85	881.00	 37.00	  2.00
 39.56	1102.41	896.93	149.00	 25.00	1095.11	897.32	 39.00	  3.00
 39.56	1102.41	896.93	149.00	 31.00	1453.56	893.14	 38.00	  4.00

 24.36	1119.80	561.63	 89.00	 32.00	1457.00	587.20	 23.00	  1.00
 24.36	1119.80	561.63	 89.00	 33.00	1473.65	589.92	 24.00	  2.00
 24.36	1119.80	561.63	 89.00	 34.00	1481.00	589.80	 25.00	  3.00
 24.36	1119.80	561.63	 89.00	 35.00	1516.00	591.00	 26.00	  4.00
 24.36	1119.80	561.63	 89.00	 36.00	1538.68	591.61	 27.00	  5.00
 24.36	1119.80	561.63	 89.00	 38.00	1702.54	584.54	 21.00	  6.00

 17.90	1123.97	459.51	 73.00	 14.00	656.56	432.75	 16.00	  1.00
 17.90	1123.97	459.51	 73.00	 16.00	707.44	434.88	 17.00	  2.00
 17.90	1123.97	459.51	 73.00	 17.00	718.21	433.93	 18.00	  3.00

  3.19	1124.20	835.40	140.00	 13.00	630.69	845.69	 36.00	  1.00
  3.19	1124.20	835.40	140.00	 22.00	994.62	794.68	 32.00	  2.00
  3.19	1124.20	835.40	140.00	 24.00	1012.53	794.93	 33.00	  3.00
  3.19	1124.20	835.40	140.00	 26.00	1095.53	834.30	 35.00	  4.00
  3.19	1124.20	835.40	140.00	 30.00	1449.50	821.50	 34.00	  5.00


 17.44	1144.33	345.98	 53.00	  8.00	491.75	336.75	  9.00	  1.00


  6.48	1166.86	908.93	157.00	  5.00	270.50	907.00	 40.00	  1.00
  6.48	1166.86	908.93	157.00	  6.00	307.85	881.00	 37.00	  2.00
  6.48	1166.86	908.93	157.00	 25.00	1095.11	897.32	 39.00	  3.00
  6.48	1166.86	908.93	157.00	 31.00	1453.56	893.14	 38.00	  4.00

 11.73	1177.00	909.50	158.00	  5.00	270.50	907.00	 40.00	  1.00
 11.73	1177.00	909.50	158.00	  6.00	307.85	881.00	 37.00	  2.00
 11.73	1177.00	909.50	158.00	 25.00	1095.11	897.32	 39.00	  3.00
 11.73	1177.00	909.50	158.00	 31.00	1453.56	893.14	 38.00	  4.00


  2.09	1237.50	658.00	106.00	 20.00	770.50	633.50	 29.00	  1.00
  2.09	1237.50	658.00	106.00	 28.00	1341.00	690.50	 30.00	  2.00

 10.96	1285.29	667.79	108.00	 20.00	770.50	633.50	 29.00	  1.00
 10.96	1285.29	667.79	108.00	 28.00	1341.00	690.50	 30.00	  2.00


 16.79	1304.08	387.13	 61.00	 18.00	727.81	389.75	 11.00	  1.00
 16.79	1304.08	387.13	 61.00	 19.00	734.26	388.56	 10.00	  2.00
 16.79	1304.08	387.13	 61.00	 21.00	781.89	390.28	 12.00	  3.00

  4.98	1315.50	 27.00	  8.00	 27.00	1316.00	 26.80	  3.00	  1.00



  5.77	1339.28	691.39	112.00	 28.00	1341.00	690.50	 30.00	  1.00


  2.62	1343.00	384.00	 58.00	 18.00	727.81	389.75	 11.00	  1.00
  2.62	1343.00	384.00	 58.00	 19.00	734.26	388.56	 10.00	  2.00
  2.62	1343.00	384.00	 58.00	 21.00	781.89	390.28	 12.00	  3.00

 20.32	1353.15	755.95	121.00	 23.00	999.66	784.92	 31.00	  1.00


 15.38	1361.21	788.08	129.00	 22.00	994.62	794.68	 32.00	  1.00
 15.38	1361.21	788.08	129.00	 23.00	999.66	784.92	 31.00	  2.00
 15.38	1361.21	788.08	129.00	 24.00	1012.53	794.93	 33.00	  3.00
 15.38	1361.21	788.08	129.00	 30.00	1449.50	821.50	 34.00	  4.00

 49.23	1363.65	136.84	 19.00	 15.00	664.50	127.00	  4.00	  1.00
 49.23	1363.65	136.84	 19.00	 29.00	1356.61	137.07	  5.00	  2.00


 40.72	1390.27	789.41	130.00	 22.00	994.62	794.68	 32.00	  1.00
 40.72	1390.27	789.41	130.00	 23.00	999.66	784.92	 31.00	  2.00
 40.72	1390.27	789.41	130.00	 24.00	1012.53	794.93	 33.00	  3.00
 40.72	1390.27	789.41	130.00	 30.00	1449.50	821.50	 34.00	  4.00

  3.35	1401.00	800.00	134.00	 22.00	994.62	794.68	 32.00	  1.00
  3.35	1401.00	800.00	134.00	 23.00	999.66	784.92	 31.00	  2.00
  3.35	1401.00	800.00	134.00	 24.00	1012.53	794.93	 33.00	  3.00
  3.35	1401.00	800.00	134.00	 26.00	1095.53	834.30	 35.00	  4.00
  3.35	1401.00	800.00	134.00	 30.00	1449.50	821.50	 34.00	  5.00

  9.35	1413.10	356.45	 54.00	  8.00	491.75	336.75	  9.00	  1.00

  9.85	1438.23	495.46	 78.00	  7.00	419.00	506.00	 19.00	  1.00


 45.06	1465.03	893.52	148.00	  5.00	270.50	907.00	 40.00	  1.00
 45.06	1465.03	893.52	148.00	  6.00	307.85	881.00	 37.00	  2.00
 45.06	1465.03	893.52	148.00	 13.00	630.69	845.69	 36.00	  3.00
 45.06	1465.03	893.52	148.00	 25.00	1095.11	897.32	 39.00	  4.00
 45.06	1465.03	893.52	148.00	 31.00	1453.56	893.14	 38.00	  5.00

 42.72	1467.57	822.59	137.00	 13.00	630.69	845.69	 36.00	  1.00
 42.72	1467.57	822.59	137.00	 22.00	994.62	794.68	 32.00	  2.00
 42.72	1467.57	822.59	137.00	 23.00	999.66	784.92	 31.00	  3.00
 42.72	1467.57	822.59	137.00	 24.00	1012.53	794.93	 33.00	  4.00
 42.72	1467.57	822.59	137.00	 26.00	1095.53	834.30	 35.00	  5.00
 42.72	1467.57	822.59	137.00	 30.00	1449.50	821.50	 34.00	  6.00

  9.35	1468.90	782.55	126.00	 22.00	994.62	794.68	 32.00	  1.00
  9.35	1468.90	782.55	126.00	 23.00	999.66	784.92	 31.00	  2.00
  9.35	1468.90	782.55	126.00	 24.00	1012.53	794.93	 33.00	  3.00

  7.16	1470.09	854.43	142.00	  6.00	307.85	881.00	 37.00	  1.00
  7.16	1470.09	854.43	142.00	 13.00	630.69	845.69	 36.00	  2.00
  7.16	1470.09	854.43	142.00	 26.00	1095.53	834.30	 35.00	  3.00
  7.16	1470.09	854.43	142.00	 30.00	1449.50	821.50	 34.00	  4.00
  7.16	1470.09	854.43	142.00	 31.00	1453.56	893.14	 38.00	  5.00

 14.58	1496.33	706.04	114.00	 28.00	1341.00	690.50	 30.00	  1.00


175.40	1503.10	591.83	 97.00	  2.00	141.43	589.46	 22.00	  1.00
175.40	1503.10	591.83	 97.00	  3.00	166.30	581.05	 20.00	  2.00
175.40	1503.10	591.83	 97.00	 32.00	1457.00	587.20	 23.00	  3.00
175.40	1503.10	591.83	 97.00	 33.00	1473.65	589.92	 24.00	  4.00
175.40	1503.10	591.83	 97.00	 34.00	1481.00	589.80	 25.00	  5.00
175.40	1503.10	591.83	 97.00	 35.00	1516.00	591.00	 26.00	  6.00
175.40	1503.10	591.83	 97.00	 36.00	1538.68	591.61	 27.00	  7.00
175.40	1503.10	591.83	 97.00	 37.00	1633.71	608.50	 28.00	  8.00
175.40	1503.10	591.83	 97.00	 38.00	1702.54	584.54	 21.00	  9.00

 49.18	1503.23	783.87	127.00	 22.00	994.62	794.68	 32.00	  1.00
 49.18	1503.23	783.87	127.00	 23.00	999.66	784.92	 31.00	  2.00
 49.18	1503.23	783.87	127.00	 24.00	1012.53	794.93	 33.00	  3.00
 49.18	1503.23	783.87	127.00	 30.00	1449.50	821.50	 34.00	  4.00

 97.54	1516.51	855.98	143.00	  6.00	307.85	881.00	 37.00	  1.00
 97.54	1516.51	855.98	143.00	 13.00	630.69	845.69	 36.00	  2.00
 97.54	1516.51	855.98	143.00	 26.00	1095.53	834.30	 35.00	  3.00
 97.54	1516.51	855.98	143.00	 30.00	1449.50	821.50	 34.00	  4.00
 97.54	1516.51	855.98	143.00	 31.00	1453.56	893.14	 38.00	  5.00

 39.48	1522.46	707.56	115.00	 28.00	1341.00	690.50	 30.00	  1.00


 10.39	1569.33	815.17	136.00	 13.00	630.69	845.69	 36.00	  1.00
 10.39	1569.33	815.17	136.00	 22.00	994.62	794.68	 32.00	  2.00
 10.39	1569.33	815.17	136.00	 23.00	999.66	784.92	 31.00	  3.00
 10.39	1569.33	815.17	136.00	 24.00	1012.53	794.93	 33.00	  4.00
 10.39	1569.33	815.17	136.00	 26.00	1095.53	834.30	 35.00	  5.00
 10.39	1569.33	815.17	136.00	 30.00	1449.50	821.50	 34.00	  6.00

  6.74	1590.26	337.48	 52.00	  8.00	491.75	336.75	  9.00	  1.00
  6.74	1590.26	337.48	 52.00	 40.00	1767.43	329.62	  8.00	  2.00

  9.57	1592.00	697.74	113.00	 28.00	1341.00	690.50	 30.00	  1.00

  6.49	1599.73	663.45	107.00	 20.00	770.50	633.50	 29.00	  1.00
  6.49	1599.73	663.45	107.00	 28.00	1341.00	690.50	 30.00	  2.00

 16.59	1633.40	824.13	138.00	 13.00	630.69	845.69	 36.00	  1.00
 16.59	1633.40	824.13	138.00	 22.00	994.62	794.68	 32.00	  2.00
 16.59	1633.40	824.13	138.00	 23.00	999.66	784.92	 31.00	  3.00
 16.59	1633.40	824.13	138.00	 24.00	1012.53	794.93	 33.00	  4.00
 16.59	1633.40	824.13	138.00	 26.00	1095.53	834.30	 35.00	  5.00
 16.59	1633.40	824.13	138.00	 30.00	1449.50	821.50	 34.00	  6.00

  6.08	1634.50	608.50	100.00	  2.00	141.43	589.46	 22.00	  1.00
  6.08	1634.50	608.50	100.00	  3.00	166.30	581.05	 20.00	  2.00
  6.08	1634.50	608.50	100.00	 32.00	1457.00	587.20	 23.00	  3.00
  6.08	1634.50	608.50	100.00	 33.00	1473.65	589.92	 24.00	  4.00
  6.08	1634.50	608.50	100.00	 34.00	1481.00	589.80	 25.00	  5.00
  6.08	1634.50	608.50	100.00	 35.00	1516.00	591.00	 26.00	  6.00
  6.08	1634.50	608.50	100.00	 36.00	1538.68	591.61	 27.00	  7.00
  6.08	1634.50	608.50	100.00	 37.00	1633.71	608.50	 28.00	  8.00
  6.08	1634.50	608.50	100.00	 38.00	1702.54	584.54	 21.00	  9.00

 10.85	1659.96	897.08	151.00	  5.00	270.50	907.00	 40.00	  1.00
 10.85	1659.96	897.08	151.00	  6.00	307.85	881.00	 37.00	  2.00
 10.85	1659.96	897.08	151.00	 13.00	630.69	845.69	 36.00	  3.00
 10.85	1659.96	897.08	151.00	 25.00	1095.11	897.32	 39.00	  4.00
 10.85	1659.96	897.08	151.00	 31.00	1453.56	893.14	 38.00	  5.00

  8.58	1671.62	652.86	105.00	 20.00	770.50	633.50	 29.00	  1.00

 10.77	1674.53	794.58	132.00	 22.00	994.62	794.68	 32.00	  1.00
 10.77	1674.53	794.58	132.00	 23.00	999.66	784.92	 31.00	  2.00
 10.77	1674.53	794.58	132.00	 24.00	1012.53	794.93	 33.00	  3.00
 10.77	1674.53	794.58	132.00	 30.00	1449.50	821.50	 34.00	  4.00


 16.21	1705.78	584.65	 96.00	  2.00	141.43	589.46	 22.00	  1.00
 16.21	1705.78	584.65	 96.00	  3.00	166.30	581.05	 20.00	  2.00
 16.21	1705.78	584.65	 96.00	 32.00	1457.00	587.20	 23.00	  3.00
 16.21	1705.78	584.65	 96.00	 33.00	1473.65	589.92	 24.00	  4.00
 16.21	1705.78	584.65	 96.00	 34.00	1481.00	589.80	 25.00	  5.00
 16.21	1705.78	584.65	 96.00	 35.00	1516.00	591.00	 26.00	  6.00
 16.21	1705.78	584.65	 96.00	 36.00	1538.68	591.61	 27.00	  7.00
 16.21	1705.78	584.65	 96.00	 37.00	1633.71	608.50	 28.00	  8.00
 16.21	1705.78	584.65	 96.00	 38.00	1702.54	584.54	 21.00	  9.00

  8.28	1719.71	443.29	 72.00	  9.00	585.49	430.19	 13.00	  1.00
  8.28	1719.71	443.29	 72.00	 11.00	607.94	430.42	 14.00	  2.00
  8.28	1719.71	443.29	 72.00	 12.00	616.90	430.55	 15.00	  3.00
  8.28	1719.71	443.29	 72.00	 14.00	656.56	432.75	 16.00	  4.00
  8.28	1719.71	443.29	 72.00	 16.00	707.44	434.88	 17.00	  5.00
  8.28	1719.71	443.29	 72.00	 17.00	718.21	433.93	 18.00	  6.00

  3.97	1744.67	134.11	 18.00	 15.00	664.50	127.00	  4.00	  1.00

 14.00	1752.83	762.03	123.00	 23.00	999.66	784.92	 31.00	  1.00

 11.42	1754.43	519.96	 83.00	  7.00	419.00	506.00	 19.00	  1.00

 30.68	1761.76	799.78	133.00	 22.00	994.62	794.68	 32.00	  1.00
 30.68	1761.76	799.78	133.00	 23.00	999.66	784.92	 31.00	  2.00
 30.68	1761.76	799.78	133.00	 24.00	1012.53	794.93	 33.00	  3.00
 30.68	1761.76	799.78	133.00	 30.00	1449.50	821.50	 34.00	  4.00

  8.73	1765.47	782.89	128.00	 22.00	994.62	794.68	 32.00	  1.00
  8.73	1765.47	782.89	128.00	 23.00	999.66	784.92	 31.00	  2.00
  8.73	1765.47	782.89	128.00	 24.00	1012.53	794.93	 33.00	  3.00




 37.12	1781.71	330.21	 50.00	  1.00	 66.72	306.17	  6.00	  1.00
 37.12	1781.71	330.21	 50.00	 10.00	599.50	308.44	  7.00	  2.00
 37.12	1781.71	330.21	 50.00	 40.00	1767.43	329.62	  8.00	  3.00

 43.56	1783.44	760.87	122.00	 23.00	999.66	784.92	 31.00	  1.00


